
Point: 180.0,19.0
Rect:  180.0,19.0,240.0,-19.0
Line:  181.6814303797147,17.917044840183777,238.00934810015605,-18.36195301365982

Point: 239.0,18.0
Line:  237.30561874566217,16.93742192524575,180.54384672534377,-18.658943579021706
