Point: 180.0,99.0
Rect:  180.0,99.0,220.0,59.0
Line:  180.0,99.0,219.38000767910225,60.60449251287531
Point: 220.0,99.0
Line:  220.0,99.0,180.19554043170632,58.20042894249899
